-12.1794045
-12.78436244
-12.79832982
-12.19873353
-12.47873112
-12.35173759
-12.71399288
-12.54363397
-13.21731243
-12.73541827
-12.46192921
-12.63320362
-12.6118988
-12.51032271
-12.84618514
-12.63320362
-12.64282774
-12.95585238
-13.2934529
-13.05978244
-12.31830661
-12.35008128
-12.47716469
-13.0307239
-12.69745263
-13.20606999
-12.61243222
-12.74982405
-12.85108901
-13.22004295
-12.49839308
-12.57675413
-12.49133564
-12.25500333
-12.30033568
-12.99225222
-13.06494641
-12.90170246
-12.64646844
-12.51612755
-12.69250396
-12.78648224
-13.20183294
-12.89653838
-12.9515582
-13.42596873
-12.89859665
-13.03872132
-12.85078089
-12.84193921
-13.26288691
-13.00775586
-13.05903551
-13.13531097
-13.05789269
-12.64917073
-13.12761061
-13.47044133
-13.01014989
-13.1214782
-13.03578753
-12.91150953
-13.09832377
-12.6181632
-13.02812138
-13.21724081
-12.96940028
-13.06188073
-13.28988263
-13.06585519
-12.78015361
-13.26865302
-13.03254563
-12.7490923
-13.31202538
-13.26296647
-12.91829273
-12.89346915
-13.0740694
-12.78015361
-12.95742449
-12.87582194
-12.75870261
-12.72815839
-12.89619628
-12.77057415
-12.90378541
-13.18032448
-12.79398412
-12.79371396
-13.07340035
-13.12517042
-12.65600093
-13.20398103
-12.68402965
-13.01175328
-12.93779419
-12.74232143
-12.84193921
-13.07670416
-12.94538695
-12.81758535
-12.89894065
-12.73048706
-12.86774031
-12.5237482
-12.71828503
-12.8467951
-12.619427
-12.74617756
-12.87778412
-12.40527605
-12.12534427
-12.35546294
-12.45259454
-12.41998789
-12.37903156
-12.61385789
-12.7311881
-12.70267729
-12.65227978
-12.74958
-12.5926091
-12.61172114
-12.70752241
-12.71354353
-13.05968278
-12.44165149
-13.03147036
-12.54378584
-12.73992861
-13.18395766
-12.73142203
-12.16064767
-12.1145257
-13.22148699
-12.72330847
-12.26432127
-12.8501653
-12.8256494
-12.4346245


